1990
.993
.110
.366
.366
.394
.417
.401
.313
.313
.313
.347
.349
.359
.469
.469
.572
.542
.417
.417
.587
.670
.830
.625
.636
.652
.652
.724
.872
.995
1.429
1.382
1.523
1.712
1.759
1.960
1.902
2.200
1.967
1.781
1.876
1.486
1.506
1.633
1.560
1.431
1.394
1.524
1.476
1.639
1.640
1.228
1.455
1.437
1.321
1.439
1.500
1.592
1.508
1.524
1.615
1.603
1.212
.960
1.044
1.043
1.265
1.361
1.041
1.119
1.052
.831
.811
.978
1.205
1.571
1.241
1.189
1.071
1.089
1.207
1.418
1.177
1.057
1.366
1.411
1.218
1.223
1.064
1.047
1.280
1.223
1.136
1.322
1.331
1.522
1.304
1.269
1.461
1.310
1.156
1.180
1.472
1.275
1.336
1.549
1.361
1.212
1.327
1.454
1.627
1.554
1.304
1.275
1.421
1.245
1.241
1.429
1.532
1.870
1.924
1.802
1.815
1.952
2.530
2.543
2.382
2.442
2.376
2.237
2.321
2.921
3.035
2.931
2.268
2.299
2.626
2.222
2.498
2.350
2.231
2.287
2.384
2.368
2.113
2.182
2.323
2.329
1.984
1.877
2.407
2.141
1.727
1.786
2.002
1.712
1.668
1.888
1.950
1.875
1.633
2.009
2.150
2.517
2.048
2.477
2.073
1.659
1.999
2.210
2.319
2.129
2.612
2.404
2.361
1.789
1.986
2.523
2.531
2.321
2.625
2.000
2.000
1.750
1.708
1.482
1.429
1.414
1.993
1.497
1.381
1.458
1.650
1.540
1.965
1.961
1.783
1.569
1.874
2.328
2.742
2.994
2.423
2.675
1.941
2.268
2.859
2.360
2.545
2.524
2.346
2.192
2.179
2.067
1.943
1.707
1.561
1.494
1.545
1.835
1.695
1.404
1.131
1.101
1.233
1.407
1.126
1.026
.952
1.041
1.067
.833
.727
.682
.813
.778
.823
.959
.871
.652
.633
.609
.469
.469
.516
.515
.455
.455
.342
.319
.319
.372
.395
.429
.600
.453
.306
.306
.322
.375
.375
.477
.556
.513
.500
.527
.536
.729
.825
.851
.785
.682
.640
.619
.577
.721
1.025
1.200
1.352
1.199
.906
.857
1.086
.789
.920
.990
1.300
1.450
1.367
1.270
1.671
1.781
1.573
1.653
1.541
1.431
1.406
.926
1.190
1.124
1.147
1.321
1.258
1.200
1.200
1.124
1.156
1.398
1.410
1.304
1.569
1.960
1.919
1.733
1.610
2.459
2.660
2.078
1.859
1.982
2.249
2.581
2.597
2.452
2.650
2.596
3.032
2.475
2.765
3.243
2.914
3.078
3.017
3.134
3.271
3.277
3.338
3.708
2.725
3.417
3.592
2.969
2.939
3.450
3.371
3.595
4.193
4.603
4.170
4.927
3.752
3.737
3.561
3.760
3.724
3.655
3.283
2.867
3.843
4.007
4.008
3.984
3.329
4.313
4.795
4.320
3.839
3.301
2.490
3.836
4.067
4.122
3.815
3.124
3.224
2.803
3.557
3.417
3.971
3.948
3.461
3.024
2.524
2.897
3.236
3.601
3.417
3.042
2.821
2.262
2.585
3.322
1.691
1.830
1.813
1.543
1.675
2.116
2.495
2.501
2.022
2.390
2.286
1.994
1.727
1.961
2.357
2.069
2.139
2.758
2.370
2.419
2.441
2.339
2.209
2.409
2.901
3.274
3.564
3.633
3.496
3.345
3.915
3.236
3.546
3.488
2.972
3.035
4.033
3.654
2.989
3.429
3.386
3.236
3.416
3.001
3.459
2.944
3.717
3.544
3.053
3.119
2.776
2.044
2.215
3.134
2.615
2.086
2.791
4.563
2.717
4.230
3.706
3.522
2.744
4.005
3.456
3.444
4.020
3.391
3.483
3.324
4.147
3.259
2.587
3.286
2.724
3.443
2.923
2.770
2.580
2.287
2.798
2.253
2.973
2.916
2.825
3.470
2.979
2.370
2.462
3.104
2.509
2.608
2.718
2.883
1.619
2.302
2.819
2.502
1.569
2.511
2.874
2.878
2.976
3.081
2.433
1.946
2.069
2.122
1.554
1.430
1.490
1.581
1.684
1.529
1.510
1.579
1.835
1.748
1.379
1.926
1.969
1.535
1.684
1.648
2.233
2.164
2.497
2.297
2.655
2.944
2.104
2.458
2.542
2.681
2.857
3.057
3.457
3.642
3.863
1.913
3.182
3.533
3.524
3.603
3.326
3.486
4.606
3.634
2.432
3.499
2.603
1.873
2.383
1.885
2.231
2.041
1.949
2.380
1.843
2.088
1.753
1.747
2.229
1.954
2.401
2.612
3.714
2.356
1.876
2.627
2.360
2.388
1.992
1.622
2.012
2.389
2.398
2.105
2.211
1.794
1.834
2.690
2.806
2.406
2.488
2.499
2.082
1.828
1.460
1.423
2.039
1.861
1.438
1.458
1.634
1.681
1.641
1.996
2.074
2.043
1.914
1.714
1.719
2.086
2.069
2.102
2.033
1.806
1.391
1.958
1.841
1.580
1.285
1.457
1.755
2.144
2.407
2.593
2.122
2.056
2.474
2.074
1.901
1.783
1.641
1.645
1.298
1.250
1.935
1.221
1.105
1.344
1.795
1.931
2.088
1.952
2.067
1.559
1.905
2.281
2.085
1.786
1.717
2.201
2.623
2.160
1.520
1.564
1.539
1.861
1.726
1.721
2.026
4.132
3.239
3.393
3.051
3.262
3.353
2.929
3.414
3.880
3.802
3.194
3.790
3.000
2.865
1.773
1.505
1.606
1.694
2.607
2.383
2.033
2.019
1.639
2.120
3.291
2.744
2.432
2.175
1.899
2.420
3.742
3.247
3.242
3.004
2.668
3.792
2.678
2.817
3.484
3.702
3.594
1.875
2.425
3.001
2.733
2.511
3.003
2.648
2.474
2.180
2.294
2.239
2.599
2.193
1.896
2.183
1.806
1.666
1.111
1.167
1.304
1.100
.894
1.016
1.111
1.486
1.641
1.455
1.547
1.687
1.832
1.950
1.734
1.614
1.294
1.843
2.337
1.737
1.827
2.494
2.957
2.421
2.736
2.148
1.466
1.327
2.021
2.005
2.723
2.135
1.473
1.424
1.115
.898
.992
.955
1.270
1.500
1.192
1.358
1.729
2.871
3.028
3.715
2.807
2.263
2.266
2.018
2.087
1.527
1.102
1.394
1.396
1.760
3.277
2.400
1.378
1.177
1.809
2.525
1.690
1.458
1.248
1.032
.946
1.088
1.177
1.127
1.142
1.545
1.868
2.189
1.873
1.566
2.001
2.266
1.910
2.177
2.250
1.932
1.775
2.037
1.399
1.478
1.097
1.014
1.002
.812
.857
.733
.685
.652
.652
.622
.577
.609
.627
.652
.527
.417
.438
.577
.619
.682
.654
.699
.776
.833
.794
.923
1.000
1.045
1.276
.924
1.195
1.176
1.267
1.034
1.157
1.542
1.402
1.598
1.906
1.787
1.903
2.254
1.674
2.345
2.415
2.068
1.817
2.863
3.525
4.844
3.792
3.434
3.138
2.309
2.309
2.091
1.705
1.995
1.680
1.818
1.951
1.984
1.980
2.327
2.172
1.677
1.799
2.416
2.722
2.944
2.548
2.776
2.423
2.807
2.319
2.265
1.999
1.805
1.679
2.676
1.992
2.199
2.346
2.269
1.676
1.529
1.242
1.091
1.192
1.949
2.160
2.092
1.917
1.909
1.385
1.079
1.206
1.597
1.453
1.142
1.446
1.968
1.991
1.593
2.611
3.033
2.775
5.241
6.030
3.642
5.836
6.589
5.352
5.148
5.069
6.306
5.477
5.549
3.624
5.023
4.895
4.973
3.958
4.659
5.129
4.283
5.470
4.133
3.608
4.257
3.841
4.663
3.644
4.063
4.140
4.455
4.642
2.936
2.077
2.033
1.910
2.462
1.970
2.203
2.103
1.958
4.299
6.734
6.329
5.690
4.166
3.794
3.955
3.645
3.893
4.179
4.429
4.389
4.380
4.409
4.021
3.913
3.839
3.871
3.677
3.758
3.774
3.869
4.000
4.243
4.228
5.979
6.050
6.153
6.097
6.061
5.989
6.011
6.000
5.939
5.903
5.947
5.609
5.183
4.764
4.093
2.296
2.781
3.275
3.351
3.384
3.652
3.846
4.025
4.520
7.778
6.971
5.474
3.871
3.614
3.587
4.095
4.285
3.892
3.688
3.875
4.427
4.333
4.000
4.444
6.778
6.722
6.336
6.005
5.381
4.867
4.524
4.109
4.063
4.622
4.481
5.083
4.917
4.958
5.167
5.035
4.609
4.769
4.670
4.792
3.327
2.143
1.966
1.712
1.254
1.200
1.364
1.276
1.060
1.377
1.435
1.235
1.248
1.730
2.001
1.603
1.651
2.090
2.369
1.513
1.635
1.826
1.852
2.113
3.553
4.038
4.514
3.664
4.393
3.297
2.621
3.967
3.508
6.152
7.179
6.842
4.773
4.935
4.991
3.164
2.679
2.845
2.731
2.424
2.620
2.940
2.490
3.175
2.506
2.876
2.176
2.096
1.763
1.983
1.538
1.304
1.223
1.256
1.394
1.833
2.377
2.520
2.419
2.785
4.921
7.118
7.261
8.034
4.301
6.425
20.217
25.200
19.800
13.533
14.810
13.357
9.800
13.500
9.463
6.947
5.739
7.300
9.050
9.100
10.100
10.559
6.441
7.357
8.293
6.026
7.395
5.360
4.619
5.524
3.569
5.011
7.052
8.986
8.379
11.012
12.462
11.080
8.375
8.400
10.517
13.155
10.313
8.830
7.161
6.101
6.048
7.092
8.154
9.175
9.913
8.489
7.654
7.500
6.559
5.231
5.886
5.605
3.094
3.594
3.831
2.950
2.708
3.506
4.142
3.613
4.520
3.775
3.569
3.069
2.776
2.552
3.132
3.002
2.346
2.127
1.637
1.567
1.208
.936
.731
.625
.593
.577
1.038
1.410
1.515
1.732
1.539
1.327
1.150
.968
1.071
1.348
1.250
1.552
1.157
1.075
1.097
1.060
1.227
1.471
1.432
1.273
1.346
1.333
1.556
1.861
1.270
1.192
1.168
1.178
1.604
1.758
1.759
2.180
1.782
2.028
2.093
1.998
2.104
1.729
1.666
1.763
2.170
2.060
1.911
2.265
2.209
2.027
2.246
1.721
1.507
1.267
1.431
1.752
1.688
2.080
2.581
3.843
3.906
2.723
1.752
1.252
1.039
.925
.817
.769
.658
.693
.759
.857
.600
.581
.600
.774
.901
.907
.995
.995
1.237
1.064
1.212
1.330
1.356
1.051
.805
.652
.472
.469
.469
.469
.531
.556
.556
.561
.600
.727
.909
.917
.794
1.058
.909
.753
.706
.640
.455
.455
.710
.714
.845
1.429
1.476
1.146
.869
.682
.736
.704
.652
.543
.529
.441
.441
.688
.669
.577
.487
.455
.417
.385
.385
.609
.774
4.018
7.875
7.512
7.817
7.421
3.978
1.647
1.429
1.369
1.629
1.139
.789
.770
1.214
1.177
1.005
1.003
.867
2.296
3.154
2.608
1.367
1.296
1.695
1.890
1.416
1.964
3.355
2.971
1.646
1.401
.909
.753
.587
.500
.454
.429
.581
1.118
1.821
1.179
.908
.822
.682
.605
.577
.455
.455
.326
.294
.294
.426
.625
1.014
1.011
.775
.761
.840
1.084
1.488
2.004
1.593
1.632
1.793
1.569
1.614
1.142
.714
.686
.584
.441
.447
.484
.471
.306
.306
.306
.223
.203
.203
.203
.203
2.192
3.167
3.153
2.685
1.687
1.318
1.233
1.026
.821
.750
.750
1.164
.910
.696
.631
.577
.445
.333
.333
.264
.205
.205
.205
.205
.282
.319
.319
.400
.469
.420
.349
.349
.353
.357
.357
.537
.587
.429
.429
.358
.333
.333
.364
.375
.381
.455
.455
.509
.517
.619
.588
.517
.455
.366
.366
.842
1.339
1.473
1.274
.764
.642
.577
.644
.650
.500
.451
.221
.221
.221
.221
.186
.167
.167
.167
.167
.167
.235
.273
.273
.273
.288
.288
.288
.283
.278
.278
.278
.530
.563
.625
.498
.375
.375
.633
.767
.954
1.059
.902
.682
.488
.469
.370
.341
.341
.312
.306
.306
.279
.259
.259
.259
.607
.737
.714
.749
.789
.758
.682
.682
.714
.720
.536
.541
.556
.667
.923
1.627
1.668
1.488
1.041
.857
.718
.649
.600
.907
3.678
6.947
5.190
3.141
1.645
1.259
1.122
.939
1.031
.729
.652
.652
.565
.536
.799
1.196
1.051
.774
.671
.603
.357
.357
.327
.250
.250
.250
.236
.200
.200
.200
.200
.242
.349
.349
.501
.713
.652
.699
.793
1.049
1.183
1.364
1.359
1.419
1.537
1.420
1.610
1.533
1.907
1.864
1.600
1.900
1.933
1.814
1.901
2.202
2.216
2.474
2.240
2.108
1.441
1.154
.955
.849
.750
.613
.567
.469
.456
.357
.357
.341
.306
.306
.325
.682
.682
.659
.484
.477
.349
.349
.319
.185
.185
.185
.185
.185
.161
.155
.155
.155
.155
.155
.195
.283
.283
.283
.649
.895
1.192
1.426
1.079
.714
.443
.395
.356
.273
.273
.273
.609
1.010
1.325
1.066
.577
.533
.484
.484
.764
.829
1.010
1.332
1.531
1.493
1.606
1.896
1.745
1.665
1.957
2.327
1.999
1.591
1.442
1.172
1.065
1.014
1.019
.905
.743
.536
.456
.283
.283
.283
.164
.132
.132
.132
.132
.132
.132
.123
.084
.084
.084
.084
.084
.084
.084
.084
.084
.084
.084
.092
.109
.109
.109
.109
.109
.109
.109
.109
.113
.149
.149
.149
.149
.149
.149
.140
.127
.127
.127
.127
.127
.127
.127
.118
.109
.109
.109
.109
.109
.109
.109
.109
.171
.306
.306
.315
.484
.484
.710
.662
.625
.625
.647
.682
.916
1.159
1.111
1.120
1.188
1.388
1.418
1.622
1.408
1.394
1.383
1.545
1.728
2.024
2.523
2.303
2.050
2.144
1.758
1.396
1.320
1.520
1.839
1.826
1.453
1.272
1.432
1.182
.782
.484
.440
.294
.294
.294
.233
.221
.221
.221
.227
.242
.242
.242
.273
.429
.429
.853
1.264
1.405
1.500
1.912
2.249
2.222
2.417
2.179
2.311
2.624
2.507
2.078
2.206
2.388
2.549
2.626
2.687
2.777
3.183
2.945
3.312
3.431
2.650
1.958
2.063
2.297
3.097
2.686
2.387
3.014
2.691
2.089
1.904
2.587
2.749
2.800
2.658
2.120
1.996
1.800
1.791
1.507
1.272
1.276
1.270
1.294
1.173
1.094
1.071
1.142
.860
.666
.601
.517
.512
.500
.500
.500
.505
.517
.500
.469
.484
.536
.550
.577
.663
.765
.914
.789
.754
1.001
1.276
1.376
1.429
1.513
1.464
1.354
1.052
.957
1.200
1.200
1.372
1.780
1.507
1.248
1.702
2.650
2.798
2.930
2.126
1.560
1.574
1.602
1.434
1.218
.860
.769
.750
.739
.682
.787
.792
.744
.714
.690
.624
.484
.488
.500
.512
.556
.609
.682
.713
.638
.577
.596
.608
.652
.751
.898
1.202
1.427
1.330
1.277
1.347
1.210
1.027
1.025
1.065
.977
.958
.849
.789
.892
1.130
1.397
1.283
1.233
1.287
1.242
1.477
1.445
1.272
1.026
.893
.825
.817
.857
.934
.888
.782
.708
.652
.566
.552
.517
.512
.484
.481
.455
.455
.421
.417
.387
.357
.357
.456
.500
.626
.727
.882
.882
.908
.909
1.062
1.045
1.140
1.106
1.079
1.079
.991
.985
1.006
.925
.893
.994
.934
.811
.763
.759
.761
.714
.756
.760
.746
.714
.740
.792
.875
.996
1.263
1.258
1.261
1.260
1.260
1.335
1.492
1.460
1.193
1.001
.883
.611
.549
.385
.385
.272
.155
.155
.155
.155
.155
.152

